30154221
1604026
28929243
18656641
24470642
29487602
5311941
29029040
25773855
29716147
30242853
30097235
27715575
9492593
8850032
9489396
27347449
28546252
25286979
9489398
25754320
25052281
1933704
1752704
1752696
29239853
1752689
31180996
16590065
22340710
29699858
27166901
19711312
6155905
1752718
27715275
24538735
1752742
1752672
1751637
1751639
27166313
1751653
3930412
3930414
27325515
3930542
3930422
3930427
3930484
3930487
3930437
24848266
3930433
3930452
3930535
1751585
2833044
24562442
2833109
3930505
2833096
2833064
3930529
3930514
2833074
27325849
3172216
13282301
2833085
7568336
29137997
2833092
27654419
15131560
31114375
30130340
29205290
30133189
27634141
31549729
24462515
24289949
21870981
21825288
25934086
21130059
27634385
6101750
1718398
29767483
19711245
31097334
24561734
31095880
30414248
30242619
31113553
31027365
27654641
24373288
30132217
27750951
31357401
31578114
24318272
31356791
31096307
27653964
31429632
31032886
1559181
29290037
30327581
31112754
29279501
30126249
30123097
21368663
27722203
27820948
9100347
27667534
27722235
29914069
29207282
28483596
27736731
27736083
16588475
27722408
28793242
29207706
24540917
28829243
23384928
24373316
28793010
16710972
22334631
30356924
6090520
30322398
28804031
25934327
29207634
30411582
28793266
2090076
2085505
29196656
4676401
2089938
2090243
2090005
24289254
31565068
30358065
29207346
31441535
29193199
22170555
2089886
2089923
30069762
30364023
2107230
31350787
29279328
28609478
29206874
23204206
29280593
28813740
31354661
28813910
28813973
31441510
28813717
31570721
30345639
30363926
22183684
27785400
26138602
13423400
28911914
28813850
31351405
28725296
29354730
22497555
31354666
28786265
31369135
12955861
23226923
23798967
23148157
28623081
28793100
23979311
27834547
30063426
16186946
16100922
12685812
27744616
31320535
13775634
31302575
23226626
22170611
31351354
31280959
31351450
30200579
30502145
29356087
23135461
31579868
29323034
22184270
26060768
30536793
30245440
6157578
23135157
31351466
30492931
30345480
19572108
30081850
31332099
29341006
31400652
27786855
12740326
26062623
20530233
27721875
26039040
27508933
26038802
26034710
30084148
26039345
26039336
